3.62495
3.11124
3.06612
2.98149
2.48561
2.18151
1.98768
1.79195
1.70362
1.62221
1.49284
1.45292
1.41859
1.41274
1.38892
1.37443
1.40065
1.3494
1.30134
1.31934
1.29882
1.28856
1.31389
1.29971
1.2697
1.25844
1.2126
1.22319
1.20205
1.22146
1.19792
1.18618
1.20242
1.21621
1.14347
1.21183
1.20383
1.16344
1.21944
1.19497
1.13599
1.17779
1.13101
1.16658
1.13613
1.15675
1.14969
1.17406
1.14428
1.14467
1.14974
1.14307
1.1246
1.13295
1.07404
1.12804
1.13427
1.0818
1.09913
1.09343
1.05621
1.10554
1.10782
1.06517
1.07949
1.07473
1.08548
1.0452
1.0837
1.07889
1.07029
1.03782
1.0468
1.09155
1.0561
1.03197
1.04431
1.04955
1.08695
1.03121
1.01697
1.06562
1.03505
1.04396
1.08252
1.04131
1.03217
1.07169
1.05073
1.03548
1.00758
1.01539
0.998391
1.02534
1.01552
0.997432
1.02759
0.974204
0.985533
0.989838
0.989085
1.00628
1.01235
0.995249
0.996296
1.00496
0.990875
0.975464
0.982214
0.992112
1.01388
0.96527
0.997635
0.959813
0.992032
0.990678
0.967294
0.945738
0.971069
1.00417
0.958132
0.978899
1.02835
0.995429
0.983525
0.946098
0.940091
0.986513
1.00564
1.00133
0.975713
1.00552
0.987862
0.935959
0.972186
0.944194
0.958382
0.973642
0.961481
0.954685
0.952192
0.970371
0.979773
0.941267
0.940251
0.941181
0.956993
0.933555
0.957696
0.955542
0.960852
0.910706
0.960376
0.940075
0.932144
0.933494
0.953741
0.928964
0.961075
0.936176
0.962051
0.958613
0.931437
0.938718
0.931222
0.920403
0.920963
0.919146
0.937651
0.965237
0.898874
0.916063
0.901353
0.943233
0.926608
0.933473
0.950751
0.885666
0.942741
0.931403
0.890022
0.930786
0.933455
0.939267
0.911151
0.909548
0.92865
0.908706
0.920082
0.892835
0.890419
0.907242
0.913766
0.91087
0.902033
0.905345
0.918184
0.903012
0.907321
